"","schoolid","Area","num.girls","Boysclass5","Boysclass6","Boysclass7","Boysclass8","Girlsclass5","Girlsclass6","Girlsclass7","Girlsclass8","Teachers5","Teachers6","Teachers7","Teachers8","Classrooms5","Classrooms6","Classrooms7","Classrooms8","Meanscore","Boystoilets","Girlstoilet","avgFrequency","Roof","Floor","Wall"
"92",10,"Kampala Central",16,42,37,42,41,36,26,27,29,1,1,3,3,2,3,1,1,379,6,8,0.0960123532126711,"Ironsheets","Cemented","Blocks"
"76",15,"Makindye",48,117,145,135,117,144,151,173,149,9,7,9,9,3,2,3,4,252,9,19,0.222200341203317,"Ironsheets","Cemented","Concrete"
"78",21,"Makindye",60,152,158,151,118,163,183,176,122,3,2,4,4,1,4,3,4,234,16,14,0.0839289245044266,"Ironsheets","Cemented","Stones"
"48",53,"Kawempe",65,47,52,36,25,65,70,52,41,3,6,5,6,1,3,3,4,297,1,4,0.0129769450445917,"Ironsheets","Concrete","Blocks"
"49",34,"Kawempe",56,51,59,100,52,68,79,87,68,6,11,11,10,4,4,4,3,220,12,12,0.130885160589291,"Tiles","Concrete","Blocks"
"8",80,"Nakawa",79,107,102,109,96,122,111,105,106,1,6,5,4,3,2,2,3,322,18,17,0.180686722054477,"Tiles and Concrete","Tiles","Stones"
"90",19,"Kampala Central",46,90,102,71,91,102,114,103,85,5,3,1,2,1,2,2,2,281,15,14,0.0877342964810959,"Ironsheets","Cemented","Blocks"
"24",90,"Lubaga",62,63,66,76,98,64,71,78,68,4,3,3,3,4,3,4,3,256,16,19,0.248583074063142,"Ironsheets","Tiles","Stones"
"99.1",8,"Nakawa",3,44,30,35,30,33,37,40,40,1,2,2,2,1,3,1,4,224,11,14,0,"Ironsheets","Cemented","Concrete"
"10",79,"Nakawa",47,77,80,63,44,93,71,52,73,1,5,3,4,3,1,5,1,305,13,20,0.0995483137688799,"Asbestos","Cemented","Concrete"
"12",68,"Nakawa",46,43,46,44,62,58,54,61,47,2,1,2,3,2,4,2,3,231,9,9,0.314930282029926,"Ironsheets","Cemented","Ironsheets"
"20",88,"Lubaga",36,50,66,51,48,52,63,53,44,1,3,3,1,4,4,2,4,251,9,12,0.323767702301787,"Ironsheets","Cemented","Stones"
"72",61,"Makindye",30,27,32,40,38,25,39,44,39,2,1,2,2,1,1,4,3,250,8,8,0.198274510558531,"Bricks","Concrete","Concrete"
"57",56,"Kawempe",41,53,38,41,57,52,57,41,36,1,6,5,7,2,3,2,2,249,2,5,0.2148370499898,"Ironsheets","Concrete","Stones"
"42",28,"Kampala Central",55,121,178,168,119,151,213,232,117,5,7,5,6,4,4,6,4,267,14,19,0.180534485850086,"Asbestos","Concrete","Concrete"
"64",52,"Nakawa",40,64,65,54,44,57,45,67,48,3,1,2,3,2,1,1,1,245,9,8,0.161995025226258,"Ironsheets","Concrete","Ironsheets"
"16",70,"Kampala Central",77,50,75,101,87,60,95,92,88,2,1,1,5,1,2,2,5,197,11,12,0.126059565669315,"Ironsheets","Cemented","Stones"
"98",22,"Lubaga",7,28,23,18,32,12,18,9,24,2,3,2,2,1,2,2,6,328,8,10,0,"Ironsheets","Cemented","Ironsheets"
"68",54,"Makindye",60,106,110,114,95,121,125,133,119,5,3,5,3,4,6,1,3,219,18,19,0.115688414527451,"Tiles","Concrete","Blocks"
"17",86,"Kampala Central",15,25,22,36,45,24,21,36,33,4,6,6,8,2,1,1,3,259,7,5,0.109697997064225,"Ironsheets","Cemented","Stones"
"31",78,"Makindye",8,21,13,13,11,17,14,17,7,2,1,2,3,2,1,2,1,256,2,2,0.507900191401083,"Ironsheets","Cemented","Blocks"
"83",11,"Kawempe",12,25,18,23,20,34,25,27,27,2,3,1,2,3,1,3,1,243,5,9,0.117930709399883,"Ironsheets","Cemented","Stones"
"80",4,"Makindye",52,100,89,125,76,102,95,122,79,1,5,3,3,2,3,6,1,248,11,9,0.211361612373724,"Bricks","Cemented","Stones"
"15",66,"Kampala Central",56,49,60,77,73,50,65,63,59,1,2,3,3,2,3,2,3,245,3,2,0.136368988901463,"Ironsheets","Cemented","Stones"
"29",84,"Makindye",38,41,44,45,33,45,51,47,53,4,4,9,6,2,4,1,3,295,2,2,0,"Ironsheets","Earthen","Blocks"
"63",59,"Nakawa",21,36,41,32,32,28,27,43,38,7,7,5,6,1,1,1,2,219,9,13,0.071008832691153,"Ironsheets","Concrete","Stones"
"36",26,"Lubaga",54,133,159,137,149,144,162,145,163,5,5,2,3,3,4,2,6,232,13,16,0.143063216216469,"Asbestos","Concrete","Stones"
"59",51,"Nakawa",93,109,114,114,91,105,109,107,92,1,4,3,5,3,5,3,6,265,16,15,0.147022566147112,"Ironsheets","Concrete","Blocks"
"109",6,"Kawempe",50,94,83,66,82,98,89,86,80,3,2,6,5,5,2,3,2,288,17,23,0.111272829842364,"Ironsheets","Cemented","Stones"
"103",1,"Nakawa",18,19,26,11,12,24,25,16,15,12,7,4,4,2,2,1,2,326,3,3,0.109983766586198,"Ironsheets","Cemented","Stones"
"13",69,"Nakawa",31,28,33,31,24,36,34,31,36,7,7,6,7,6,1,4,1,280,1,2,0.0918963176809821,"Ironsheets","Cemented","Permanet"
"56",30,"Kawempe",46,49,42,40,35,40,50,38,49,4,4,6,5,1,2,1,1,286,4,4,0.0409672498308696,"Ironsheets","Concrete","Blocks"
"40",49,"Kampala Central",60,96,148,134,107,89,147,140,131,6,5,4,7,2,2,5,5,238,10,15,0,"Asbestos","Concrete","Stones"
"46",31,"Kawempe",44,75,56,28,53,58,66,50,58,4,3,2,4,1,2,6,5,221,13,19,0,"Ironsheets","Concrete","Blocks"
"101",17,"Nakawa",12,24,22,23,26,27,33,42,27,1,1,2,2,2,3,1,1,308,8,6,0.183227286152849,"Ironsheets","Cemented","Blocks"
"38",27,"Kampala Central",56,146,188,161,176,160,199,218,207,6,7,6,4,4,5,6,8,234,14,19,0.139714757623734,"Ironsheets","Concrete","Blocks"
"60",38,"Nakawa",11,16,21,14,29,20,19,23,25,3,1,1,2,2,3,1,1,322,2,2,0.243343148836892,"Ironsheets","Non Cemented","Ironsheets"
"11",82,"Nakawa",31,48,44,51,44,47,49,52,40,1,1,2,2,4,3,3,3,247,15,18,0.144782055252423,"Ironsheets","Cemented","Stones"
"89",9,"Kampala Central",52,77,61,80,70,70,87,67,91,1,1,1,3,3,3,1,6,253,13,15,0.0743748411733001,"Ironsheets","Cemented","Concrete"
"7",65,"Nakawa",96,116,96,91,81,97,109,97,86,4,2,2,3,3,2,3,3,294,14,13,0.151919281000925,"Ironsheets","Cemented","Concrete"
"41",47,"Kampala Central",68,156,249,179,204,160,179,171,150,7,6,8,3,2,5,5,1,330,8,9,0.0890787342048323,"Ironsheets","Concrete","Stones"
"19",81,"Kampala Central",90,77,69,86,91,73,107,87,89,3,5,6,6,1,3,1,2,236,10,15,0.0733522058312843,"Ironsheets","Cemented","Stones"
"43",29,"Kampala Central",57,116,146,169,120,133,170,159,154,8,4,3,5,4,3,4,4,314,18,19,0.0575748342507859,"Ironsheets","Concrete","Stones"
"55",57,"Kawempe",20,23,23,15,14,22,24,25,25,6,5,4,2,1,1,3,3,319,4,3,0,"Ironsheets","wood and Cement","Ironsheets"
"44",46,"Kampala Central",52,122,123,119,101,131,137,121,109,4,4,3,4,3,3,2,4,241,9,16,0.20453768010809,"Concrete","Concrete","Stones"
"53",37,"Kawempe",15,11,16,23,12,22,20,15,12,3,5,4,4,2,3,1,1,248,9,9,0.100605264245096,"Ironsheets","Concrete","Concrete"
"54",42,"Kawempe",14,15,18,22,19,25,28,19,24,1,1,2,3,3,1,1,1,302,13,13,0.209690741342136,"Ironsheets","Concrete","Stones"
"67",40,"Nakawa",64,71,72,86,85,71,94,72,74,4,2,2,4,3,2,4,1,240,7,9,0.230551862919063,"Ironsheets","Tiles","Stones"
"6",75,"Kawempe",14,20,28,24,16,27,19,23,13,4,4,1,5,5,5,1,2,267,4,3,0.271443764079037,"Ironsheets","Cemented","Stones"
"70",33,"Makindye",36,31,72,39,41,38,72,40,46,5,4,8,5,2,2,1,2,277,3,1,0.350503834687931,"Ironsheets","Mud","Ironsheets"
